 z
   3.147604      0.5046591    
   3.147604      0.6264995    
   3.147604      0.7777560    
   3.147604      0.9655305    
   3.147604       1.198640    
   3.527765       1.488029    
   3.527765       1.847285    
  
 theta
  0.6000000      -1.633577    
  0.9538193      -1.089051    
   1.670528     -0.5445257    
   3.147604     -1.1920929E-07
   5.513414      0.5445254    
   9.624228       1.089051    
   17.27702       1.633577    
  
 skill
   3.147604      9.9999998E-03
   3.147604      0.1000000    
   3.147604      0.2000000    
   3.147604      0.3000000    
   3.147604      0.4000000    
   3.147604      0.5000000    
   3.147604      0.6000000    
   3.147604      0.9538193    
   3.147604       1.310583    
   3.147604       1.670528    
   3.147604       2.033914    
   3.147604       2.401017    
   3.147604       2.772139    
   3.147604       3.147604    
   3.147604       3.527765    
   3.147604       3.913001    
   3.147604       4.303721    
   3.147604       4.700371    
   3.527765       5.103429    
   3.527765       5.513414    
   3.527765       5.930886    
   3.527765       6.356451    
   3.527765       6.790763    
   3.527765       7.234529    
   3.527765       7.688517    
   3.527765       8.153549    
   3.527765       8.630522    
   3.527765       9.120399    
   3.527765       9.624228    
   3.527765       10.14313    
   3.913001       10.67834    
   3.913001       11.23115    
   3.913001       11.80301    
   3.913001       12.39545    
   4.303721       13.01013    
   4.303721       13.64886    
   4.303721       14.31358    
   4.303721       15.00639    
   4.700371       15.72956    
   4.700371       16.48556    
   4.700371       17.27702    
   4.700371       18.10683    
   4.700371       18.97809    
   5.103429       19.89414    
   5.103429       20.85861    
   5.103429       21.87542    
   5.103429       22.94881    
   5.513414       24.08334    
   5.513414       25.28395    
   5.513414       26.55602    
   5.513414       27.90529    
   5.930886       29.33803    
   6.356451       30.86098    
   6.356451       32.48145    
   6.356451       34.20731    
   6.356451       36.04709    
   6.790763       38.01001    
   6.790763       40.10603    
   6.790763       42.34591    
   7.234529       44.74129    
   7.234529       47.30475    
   7.234529       50.04988    
   7.688517       52.99138    
   7.688517       56.14513    
   8.153549       59.52830    
   8.153549       63.15945    
   8.153549       67.05862    
   8.630522       71.24753    
   8.630522       75.74956    
   8.630522       80.59007    
  
 assets
   3.147604      0.0000000E+00
   3.147604       1.000000    
   3.147604       2.500000    
   3.147604       6.250000    
   3.147604       15.62500    
   3.147604       39.06250    
