           1           1           1           1           1           1
           1           1           1           1           1           1
           1           7          13          13          17          17
          17          20          23          23          23          23
          25          25          25          25          25          25
          25          28          31          31          31          31
          31          31          31          31          31          31
          31          31          31          31          31          31
          31          31          31          31          31          31
          31          31          31          31          31          31
          31          31          31          31          31          31
          31          31          31          31
