0.272490525039062
0.0480865632421875
0.00848586410156250
0.00149750542968750
0.000264265664062500
4.66351171875000e-05
8.22972656250001e-06
1.45230468750000e-06
2.56289062500000e-07
0.384692505937500
0.331891573750000
0.105158159062500
0.0267789206250000
0.00617656218750000
0.00134601750000000
0.000282715312500000
5.78643750000001e-05
1.16184375000000e-05
0.237604194843750
0.368053556718750
0.378284879218750
0.167188622343750
0.0551928135937500
0.0156789379687500
0.00406299796875000
0.000989503593750000
0.000230432343750000
0.0838603040625000
0.187452444375000
0.334377244687500
0.407788753750000
0.229411435312500
0.0929103131250000
0.0313578759375000
0.00942212250000001
0.00261156656250000
0.0184985964843750
0.0540449191406250
0.137982033984375
0.286764294140625
0.417909846484375
0.286764294140625
0.137982033984375
0.0540449191406250
0.0184985964843750
0.00261156656250000
0.00942212250000001
0.0313578759375000
0.0929103131250000
0.229411435312500
0.407788753750000
0.334377244687500
0.187452444375000
0.0838603040625000
0.000230432343750000
0.000989503593750001
0.00406299796875000
0.0156789379687500
0.0551928135937500
0.167188622343750
0.378284879218750
0.368053556718750
0.237604194843750
1.16184375000000e-05
5.78643750000001e-05
0.000282715312500000
0.00134601750000000
0.00617656218750000
0.0267789206250000
0.105158159062500
0.331891573750000
0.384692505937500
2.56289062500000e-07
1.45230468750000e-06
8.22972656250001e-06
4.66351171875000e-05
0.000264265664062500
0.00149750542968750
0.00848586410156250
0.0480865632421875
0.272490525039062
