 
   159.1400      7.5732447E-02  0.3057822     -9.9441607E-04  0.4213013    
   169.1400      7.9835854E-02  0.3093120     -9.9182734E-04  0.4212317    
   179.1400      8.3878756E-02  0.3121764     -9.8824583E-04  0.4123164    
   189.1400      8.7707467E-02  0.3147323     -9.8353333E-04  0.4077433    
   199.1400      9.1299064E-02  0.3149469     -9.7361900E-04  0.4027763    
   209.1400      9.4937533E-02  0.3163998     -9.6528721E-04  0.3871156    
   219.1400      9.8717846E-02  0.3202462     -9.6357556E-04  0.3858855    
   229.1400      0.1026921      0.3251994     -9.6597039E-04  0.3852828    
   239.1400      0.1065144      0.3286639     -9.6533052E-04  0.3872156    
   249.1400      0.1095364      0.3284585     -9.5646991E-04  0.3925377    
   259.1400      0.1129084      0.3297657     -9.4978075E-04  0.3832122    
   269.1400      0.1161351      0.3320249     -9.4504311E-04  0.3739001    
   279.1400      0.1196224      0.3354985     -9.4353448E-04  0.3752418    
   289.1400      0.1235162      0.3403959     -9.4538118E-04  0.3677157    
   299.1400      0.1270417      0.3440374     -9.4470393E-04  0.3611170    
   309.1400      0.1302358      0.3463007     -9.4069541E-04  0.3613982    
   319.1400      0.1338249      0.3509510     -9.4241503E-04  0.3630035    
   329.1400      0.1372116      0.3537934     -9.4084261E-04  0.3539500    
   339.1400      0.1407930      0.3586317     -9.4320014E-04  0.3496348    
   349.1400      0.1440889      0.3612850     -9.4088679E-04  0.3451903    
   359.1400      0.1480915      0.3672714     -9.4508269E-04  0.3412528    
   369.1400      0.1515839      0.3723286     -9.4953692E-04  0.3487886    
   379.1400      0.1551102      0.3773319     -9.5388223E-04  0.3486013    
   389.1400      0.1586325      0.3811127     -9.5479190E-04  0.3473739    
   399.1400      0.1616688      0.3844561     -9.5490873E-04  0.3515557    
   409.1400      0.1653283      0.3890530     -9.5738261E-04  0.3526559    
   419.1400      0.1679186      0.3909467     -9.5523236E-04  0.3567184    
   429.1400      0.1702069      0.3915696     -9.4995945E-04  0.3559864    
   439.1400      0.1720515      0.3891937     -9.3749067E-04  0.3455081    
   449.1400      0.1744829      0.3902745     -9.3165523E-04  0.3406034    
