  0.2211522      0.0000000E+00
  0.2310163      0.0000000E+00
  0.2381105      0.0000000E+00
  0.2454639      0.0000000E+00
  0.2730588      0.0000000E+00
  0.2757153      0.0000000E+00
  0.3185017      0.0000000E+00
  0.3414878      0.0000000E+00
  0.3529638      0.0000000E+00
  0.3577563      0.0000000E+00
  0.3592024      0.0000000E+00
  0.3932612      0.0000000E+00
  0.3997664      0.0000000E+00
  0.4375010      0.0000000E+00
  0.4486185      0.0000000E+00
  0.4611607      0.0000000E+00
  0.4940109      0.0000000E+00
  0.5032284      0.0000000E+00
  0.5085216      0.0000000E+00
  0.5243416      0.0000000E+00
  0.5265982      0.0000000E+00
  0.5411593      0.0000000E+00
  0.6587160      0.0000000E+00
  0.6729403      0.0000000E+00
  0.6972376      0.0000000E+00
  0.7590767      0.0000000E+00
  0.7818413      0.0000000E+00
  0.8453212      0.0000000E+00
  0.9236287      0.0000000E+00
  0.9580656      0.0000000E+00
  0.9732606      0.0000000E+00
