   568.5832       946.1201       1102.858       1206.320       1285.562    
   1350.594       1406.164       1557.964       1671.383       1763.531    
   1841.988       1910.837       1972.550       2031.600       2111.837    
   2202.093       2300.656       2402.592       2502.252       2599.895    
   2700.783       2824.772       2950.837       3077.455       3204.847    
   3336.549       3471.367       3607.597       3745.415       3885.092    
   4027.719       4185.613       4366.222       4572.777       4791.772    
   5019.897       5257.450       5504.948       5762.979       6032.381    
   6314.073       6609.042       6918.353       7243.157       7584.700    
   7944.320       8323.465       8723.687       9146.683       9594.259    
   10068.38       10571.16       11104.87       11671.99       12275.17    
   12917.25       13601.36       14330.81       15109.19       15940.41    
   16828.62       17778.37       18794.51       19882.29       21047.40    
   22295.93       23634.49       25070.19       26610.71       28264.32    
