1.6712902
1.7831297
1.8845062
1.9761401
2.0587260
2.1329321
2.1994006
2.2587473
2.3115622
2.3584088
2.3998246
2.4363209
2.4683830
2.4964697
2.5210140
2.5424225
2.5610758
2.5773281
2.5915078
2.6039168
2.6148310
2.6245001
2.6331478
2.6409713
2.6481420
2.6548049
2.6610790
2.6670569
2.6728054
2.6783648
2.6837494
2.6889473
2.6939206
2.6986049
2.7029100
2.7067193
2.7098902
2.7122537
2.7136150
2.7137528
2.7124198
2.7093425
2.7042214
2.6967305
2.6865180
2.6732057
2.6563894
2.6356385
2.6104966
2.5804808
