1.3105996
1.5000835
1.6724476
1.8288259
1.9703130
2.0979643
2.2127956
2.3157835
2.4078652
2.4899385
2.5628620
2.6274547
2.6844964
2.7347275
2.7788490
2.8175227
2.8513708
2.8809763
2.9068828
2.9295945
2.9495764
2.9672539
2.9830132
2.9972011
3.0101250
3.0220531
3.0332140
3.0437971
3.0539524
3.0637905
3.0733828
3.0827611
3.0919180
3.1008067
3.1093410
3.1173955
3.1248052
3.1313659
3.1368340
3.1409265
3.1433212
3.1436563
3.1415308
3.1365043
3.1280970
3.1157899
3.0990244
3.0772027
3.0496876
3.0158025
