2.3163405
2.3771215
2.4318041
2.4809081
2.5249300
2.5643429
2.5995968
2.6311182
2.6593103
2.6845531
2.7072033
2.7275942
2.7460358
2.7628149
2.7781950
2.7924161
2.8056951
2.8182255
2.8301775
2.8416981
2.8529109
2.8639161
2.8747907
2.8855886
2.8963400
2.9070521
2.9177086
2.9282700
2.9386736
2.9488331
2.9586392
2.9679591
2.9766369
2.9844930
2.9913250
2.9969068
3.0009893
3.0032997
3.0035424
3.0013981
3.0013981 
3.0013981 
3.0013981 
3.0013981 
3.0013981 
3.0013981 
3.0013981 
3.0013981 
3.0013981 
3.0013981 
